1176
 23.279  48.208  88.721
 24.279  48.208  88.721
 24.279  49.208  86.721
 25.279  48.208  88.721
 22.279  50.208  87.721
 26.279  50.208  87.721
 26.279  47.208  90.721
 27.279  50.208  88.721
 27.279  47.208  90.721
 26.279  52.208  88.721
 28.279  51.208  88.721
 28.279  47.208  91.721
 27.279  45.208  92.721
 29.279  51.208  88.721
 29.279  50.208  90.721
 29.279  47.208  91.721
 29.279  47.208  92.721
 30.279  51.208  88.721
 30.279  51.208  87.721
 30.279  52.208  87.721
 30.279  53.208  88.721
 30.279  46.208  91.721
 30.279  54.208  87.721
 31.279  50.208  88.721
 31.279  50.208  87.721
 31.279  51.208  87.721
 31.279  52.208  87.721
 31.279  53.208  87.721
 31.279  54.208  87.721
 31.279  46.208  93.721
 31.279  44.208  91.721
 32.279  51.208  87.721
 32.279  52.208  87.721
 32.279  52.208  86.721
 32.279  53.208  87.721
 32.279  54.208  88.721
 32.279  55.208  88.721
 32.279  45.208  93.721
 33.279  50.208  88.721
 33.279  51.208  86.721
 33.279  52.208  86.721
 33.279  53.208  87.721
 33.279  54.208  87.721
 33.279  56.208  89.721
 34.279  52.208  88.721
 34.279  54.208  90.721
 34.279  55.208  91.721
 35.279  54.208  89.721
 35.279  55.208  90.721
 35.279  55.208  91.721
 35.279  56.208  92.721
 36.279  53.208  92.721
 36.279  52.208  93.721
 37.279  57.208  93.721
 38.279  57.208  92.721
 39.279  56.208  92.721
 32.279  54.208  91.721
 24.279  50.208  90.721
 32.279  58.208  90.721
 32.279  55.208  91.721
 25.279  46.208  93.721
 24.279  48.208  91.721
 38.279  59.208  94.721
 35.279  56.208  94.721
 31.279  55.208  91.721
 37.279  59.208  93.721
 39.279  59.208  92.721
 24.279  44.208  91.721
 25.279  45.208  93.721
 29.279  55.208  90.721
 41.279  56.208  93.721
 27.279  51.208  90.721
 23.279  46.208  91.721
 41.279  56.208  94.721
 29.279  52.208  90.721
 25.279  49.208  91.721
 32.279  44.208  95.721
 34.279  52.208  95.721
 28.279  56.208  89.721
 40.279  56.208  94.721
 29.279  52.208  91.721
 27.279  49.208  92.721
 25.279  43.208  92.721
 21.279  49.208  88.721
 33.279  54.208  93.721
 22.279  45.208  86.721
 36.279  52.208  95.721
 19.279  12.208  81.721
 19.279  12.208  80.721
 20.279  11.208  82.721
 19.279  13.208  81.721
 20.279  13.208  80.721
 21.279  11.208  82.721
 19.279  14.208  82.721
 22.279  14.208  81.721
 21.279  15.208  82.721
 22.279  15.208  81.721
 22.279  15.208  82.721
 22.279  15.208  80.721
 22.279  15.208  79.721
 23.279  15.208  81.721
 23.279  15.208  80.721
 23.279  15.208  79.721
 21.279  16.208  81.721
 22.279  16.208  82.721
 22.279  16.208  81.721
 22.279  16.208  80.721
 23.279  16.208  81.721
 23.279  16.208  82.721
 23.279  16.208  80.721
 23.279  16.208  83.721
 23.279  16.208  79.721
 23.279  16.208  78.721
 24.279  15.208  81.721
 24.279  16.208  81.721
 24.279  15.208  80.721
 24.279  16.208  82.721
 24.279  16.208  80.721
 24.279  15.208  79.721
 24.279  16.208  79.721
 24.279  15.208  78.721
 24.279  16.208  78.721
 21.279  17.208  83.721
 22.279  17.208  82.721
 22.279  17.208  83.721
 22.279  17.208  84.721
 23.279  17.208  82.721
 23.279  17.208  83.721
 23.279  17.208  81.721
 24.279  17.208  81.721
 24.279  17.208  82.721
 24.279  17.208  83.721
 24.279  17.208  84.721
 23.279  16.208  77.721
 25.279  15.208  81.721
 25.279  15.208  80.721
 25.279  16.208  80.721
 25.279  17.208  82.721
 25.279  15.208  79.721
 25.279  16.208  79.721
 25.279  16.208  83.721
 25.279  17.208  83.721
 25.279  16.208  78.721
 21.279  18.208  82.721
 22.279  18.208  82.721
 22.279  18.208  84.721
 23.279  18.208  83.721
 23.279  17.208  85.721
 24.279  18.208  83.721
 25.279  18.208  83.721
 25.279  18.208  85.721
 24.279  16.208  76.721
 26.279  15.208  80.721
 26.279  14.208  80.721
 26.279  14.208  79.721
 26.279  13.208  80.721
 26.279  13.208  78.721
 20.279  19.208  82.721
 21.279  17.208  86.721
 25.279  19.208  84.721
 22.279  16.208  75.721
 27.279  15.208  80.721
 27.279  13.208  80.721
 27.279  18.208  85.721
 27.279  20.208  86.721
 28.279  16.208  80.721
 26.279  21.208  86.721
 24.279  20.208  88.721
 22.279   8.208  80.721
 24.279  17.208  87.721
 28.279  11.208  79.721
 22.279  17.208  87.721
 26.279  11.208  80.721
 23.279  12.208  82.721
 20.279   8.208  80.721
 26.279  15.208  84.721
 22.279   8.208  79.721
 27.279  14.208  84.721
 27.279  17.208  86.721
 26.279  15.208  85.721
 18.279   8.208  81.721
 25.279  14.208  83.721
 21.279  17.208  88.721
 27.279  16.208  86.721
 23.279  11.208  82.721
 21.279   7.208  80.721
 28.279  41.208  63.721
 29.279  42.208  64.721
 30.279  40.208  62.721
 29.279  41.208  66.721
 31.279  43.208  64.721
 31.279  44.208  66.721
 28.279  41.208  67.721
 31.279  45.208  65.721
 32.279  45.208  65.721
 32.279  45.208  64.721
 33.279  45.208  65.721
 33.279  45.208  64.721
 31.279  46.208  65.721
 31.279  46.208  64.721
 32.279  46.208  65.721
 32.279  46.208  64.721
 33.279  46.208  65.721
 33.279  46.208  64.721
 34.279  44.208  65.721
 34.279  44.208  64.721
 34.279  45.208  64.721
 34.279  46.208  64.721
 34.279  46.208  63.721
 31.279  47.208  65.721
 31.279  47.208  64.721
 32.279  47.208  65.721
 32.279  47.208  64.721
 33.279  47.208  64.721
 35.279  44.208  65.721
 35.279  44.208  64.721
 35.279  43.208  64.721
 35.279  45.208  63.721
 30.279  48.208  65.721
 29.279  48.208  66.721
 32.279  48.208  65.721
 36.279  44.208  65.721
 36.279  44.208  64.721
 36.279  42.208  65.721
 36.279  43.208  63.721
 36.279  42.208  63.721
 29.279  49.208  65.721
 32.279  49.208  66.721
 37.279  43.208  65.721
 37.279  42.208  65.721
 36.279  41.208  64.721
 36.279  41.208  63.721
 37.279  41.208  62.721
 38.279  42.208  66.721
 36.279  40.208  64.721
 37.279  40.208  62.721
 36.279  40.208  61.721
 39.279  41.208  64.721
 36.279  39.208  61.721
 37.279  40.208  60.721
 37.279  38.208  64.721
 37.279  41.208  59.721
 38.279  40.208  59.721
 36.279  40.208  58.721
 38.279  38.208  63.721
 27.279  43.208  66.721
 28.279  48.208  62.721
 27.279  43.208  65.721
 37.279  38.208  62.721
 37.279  37.208  58.721
 39.279  41.208  61.721
 27.279  49.208  63.721
 26.279  49.208  66.721
 27.279  43.208  64.721
 26.279  40.208  64.721
 39.279  39.208  60.721
 35.279  37.208  61.721
 26.279  40.208  65.721
 26.279  43.208  67.721
 27.279  50.208  67.721
 27.279  40.208  63.721
 26.279  49.208  67.721
 35.279  36.208  60.721
 23.279  30.208  82.721
 24.279  30.208  81.721
 24.279  31.208  82.721
 23.279  31.208  83.721
 24.279  30.208  83.721
 23.279  32.208  83.721
 25.279  31.208  81.721
 25.279  31.208  82.721
 25.279  32.208  82.721
 24.279  31.208  84.721
 24.279  33.208  84.721
 26.279  31.208  80.721
 25.279  31.208  85.721
 26.279  32.208  79.721
 27.279  32.208  78.721
 28.279  32.208  78.721
 27.279  33.208  78.721
 28.279  31.208  77.721
 27.279  33.208  77.721
 29.279  32.208  78.721
 29.279  30.208  77.721
 26.279  33.208  81.721
 28.279  30.208  76.721
 29.279  30.208  76.721
 29.279  29.208  76.721
 28.279  28.208  77.721
 30.279  31.208  76.721
 30.279  30.208  76.721
 28.279  30.208  75.721
 29.279  30.208  75.721
 30.279  31.208  75.721
 30.279  30.208  75.721
 30.279  29.208  75.721
 29.279  27.208  79.721
 31.279  30.208  76.721
 31.279  30.208  75.721
 31.279  29.208  75.721
 29.279  29.208  74.721
 31.279  31.208  74.721
 31.279  29.208  74.721
 32.279  30.208  75.721
 32.279  30.208  74.721
 32.279  28.208  74.721
 32.279  29.208  73.721
 33.279  29.208  75.721
 33.279  28.208  73.721
 34.279  29.208  74.721
 33.279  27.208  71.721
 35.279  28.208  75.721
 31.279  26.208  70.721
 32.279  26.208  69.721
 33.279  27.208  68.721
 33.279  24.208  70.721
 35.279  29.208  67.721
 30.279  27.208  80.721
 35.279  28.208  67.721
 36.279  28.208  68.721
 28.279  29.208  83.721
 33.279  30.208  68.721
 33.279  24.208  69.721
 36.279  27.208  69.721
 29.279  34.208  80.721
 27.279  29.208  85.721
 28.279  29.208  84.721
 30.279  26.208  78.721
 29.279  32.208  80.721
 33.279  27.208  75.721
 31.279  31.208  78.721
 31.279  26.208  75.721
 30.279  27.208  78.721
 25.279  26.208  75.721
 32.279  24.208  73.721
 27.279  30.208  83.721
 12.279  40.208  43.721
 13.279  37.208  42.721
 15.279  38.208  42.721
 16.279  38.208  42.721
 16.279  38.208  40.721
 17.279  37.208  41.721
 18.279  39.208  41.721
 19.279  37.208  41.721
 20.279  38.208  42.721
 20.279  35.208  40.721
 21.279  40.208  41.721
 21.279  36.208  39.721
 22.279  40.208  41.721
 21.279  41.208  42.721
 22.279  41.208  42.721
 22.279  34.208  40.721
 23.279  40.208  41.721
 23.279  41.208  40.721
 22.279  42.208  42.721
 22.279  33.208  38.721
 22.279  43.208  41.721
 24.279  42.208  43.721
 24.279  34.208  38.721
 24.279  32.208  37.721
 22.279  44.208  40.721
 25.279  44.208  43.721
 25.279  44.208  42.721
 24.279  31.208  37.721
 21.279  32.208  36.721
 23.279  45.208  41.721
 25.279  43.208  45.721
 24.279  30.208  37.721
 25.279  43.208  46.721
 23.279  42.208  38.721
 27.279  32.208  36.721
 12.279  39.208  40.721
 14.279  37.208  38.721
 17.279  39.208  39.721
 11.279  41.208  43.721
 24.279  35.208  37.721
 17.279  38.208  38.721
 21.279  35.208  36.721
 11.279  42.208  43.721
 23.279  34.208  36.721
 22.279  42.208  39.721
 24.279  31.208  35.721
 15.279  38.208  38.721
 18.279  43.208  40.721
 20.279  41.208  39.721
 26.279  35.208  37.721
 11.279  42.208  45.721
 20.279  44.208  39.721
 20.279  47.208  40.721
 25.279  30.208  35.721
 12.279  41.208  41.721
 20.279  45.208  39.721
 13.279  40.208  40.721
 24.279  32.208  35.721
 28.279  32.208  38.721
 15.279  37.208  37.721
 -8.721  16.208  64.721
 -6.721  15.208  66.721
 -8.721  16.208  67.721
 -7.721  17.208  67.721
 -5.721  14.208  65.721
 -5.721  13.208  66.721
 -4.721  15.208  67.721
 -3.721  13.208  66.721
 -4.721  11.208  66.721
 -2.721  14.208  66.721
 -2.721  11.208  66.721
 -3.721  10.208  66.721
 -2.721  10.208  67.721
 -2.721  10.208  68.721
 -1.721  11.208  66.721
 -1.721  11.208  64.721
 -2.721  10.208  64.721
 -2.721   9.208  66.721
 -2.721   9.208  64.721
 -5.721  11.208  70.721
 -0.721  11.208  67.721
 -0.721  10.208  64.721
 -1.721   9.208  63.721
 -0.721   8.208  65.721
 -4.721   9.208  71.721
 -6.721  11.208  71.721
  0.279  11.208  65.721
  0.279   9.208  65.721
 -2.721  10.208  62.721
 -0.721   7.208  62.721
  1.279  11.208  64.721
  1.279   7.208  64.721
  1.279   6.208  65.721
  2.279   9.208  64.721
  2.279   6.208  64.721
  3.279   6.208  64.721
  1.279   5.208  66.721
 -6.721  11.208  67.721
  0.279   4.208  65.721
 -2.721   6.208  62.721
 -8.721  13.208  68.721
  4.279   8.208  63.721
 -9.721  14.208  68.721
 -5.721   9.208  64.721
 -2.721   6.208  61.721
 -8.721  14.208  68.721
 -8.721  12.208  72.721
 -4.721   7.208  62.721
 -8.721  13.208  70.721
  4.279   5.208  64.721
 -9.721  11.208  70.721
 -5.721   7.208  70.721
 -9.721  14.208  64.721
 -7.721   9.208  70.721
  0.279   5.208  63.721
 -9.721  14.208  65.721
 -5.721   7.208  72.721
 -4.721  23.208  62.721
 -3.721  24.208  61.721
 -3.721  25.208  60.721
 -5.721  24.208  63.721
 -2.721  21.208  60.721
 -3.721  26.208  60.721
 -2.721  24.208  58.721
 -1.721  21.208  59.721
 -3.721  27.208  61.721
 -2.721  23.208  57.721
 -0.721  21.208  59.721
 -1.721  27.208  61.721
 -2.721  28.208  63.721
 -3.721  24.208  56.721
  0.279  22.208  57.721
 -0.721  29.208  62.721
 -5.721  27.208  64.721
 -3.721  24.208  55.721
 -2.721  24.208  54.721
 -2.721  25.208  54.721
 -2.721  23.208  53.721
 -4.721  21.208  53.721
  0.279  32.208  61.721
  2.279  31.208  61.721
  2.279  31.208  60.721
  1.279  33.208  60.721
  0.279  33.208  59.721
  3.279  29.208  61.721
  0.279  34.208  63.721
  4.279  30.208  61.721
 -1.721  26.208  54.721
  1.279  36.208  61.721
 -3.721  26.208  56.721
 -2.721  26.208  52.721
 -5.721  24.208  53.721
 -0.721  34.208  59.721
 -5.721  23.208  56.721
  1.279  36.208  62.721
 -6.721  30.208  64.721
 -0.721  32.208  59.721
  0.279  35.208  58.721
 -6.721  28.208  63.721
  0.279  36.208  63.721
 -2.721  25.208  51.721
 -0.721  35.208  64.721
 -5.721  24.208  57.721
  1.279  36.208  59.721
 -1.721  33.208  59.721
 -0.721  33.208  58.721
 -1.721  27.208  53.721
 27.279  29.208  61.721
 28.279  29.208  60.721
 28.279  28.208  59.721
 27.279  27.208  59.721
 26.279  31.208  62.721
 29.279  28.208  60.721
 27.279  30.208  63.721
 28.279  26.208  61.721
 27.279  30.208  64.721
 26.279  32.208  64.721
 27.279  32.208  65.721
 28.279  33.208  65.721
 29.279  32.208  66.721
 30.279  32.208  64.721
 29.279  34.208  66.721
 28.279  34.208  67.721
 31.279  34.208  66.721
 27.279  35.208  67.721
 28.279  35.208  68.721
 32.279  35.208  66.721
 27.279  36.208  68.721
 33.279  33.208  66.721
 33.279  35.208  67.721
 26.279  37.208  68.721
 34.279  35.208  66.721
 27.279  38.208  67.721
 28.279  38.208  65.721
 35.279  34.208  67.721
 35.279  33.208  68.721
 35.279  34.208  69.721
 28.279  39.208  66.721
 36.279  34.208  67.721
 36.279  34.208  69.721
 27.279  40.208  68.721
 37.279  32.208  67.721
 30.279  27.208  58.721
 27.279  41.208  67.721
 30.279  26.208  56.721
 35.279  33.208  64.721
 31.279  28.208  57.721
 28.279  42.208  68.721
 26.279  41.208  67.721
 27.279  35.208  64.721
 27.279  33.208  61.721
 27.279  29.208  56.721
 37.279  31.208  66.721
 27.279  30.208  57.721
 38.279  33.208  69.721
 39.279  34.208  69.721
 37.279  35.208  64.721
 25.279  41.208  67.721
 34.279  32.208  65.721
 26.279  33.208  60.721
 26.279  36.208  83.721
 26.279  37.208  84.721
 26.279  38.208  84.721
 26.279  37.208  85.721
 27.279  39.208  84.721
 27.279  39.208  85.721
 27.279  38.208  86.721
 28.279  39.208  86.721
 29.279  39.208  86.721
 27.279  38.208  87.721
 30.279  39.208  85.721
 30.279  40.208  86.721
 30.279  41.208  87.721
 28.279  39.208  88.721
 31.279  41.208  85.721
 31.279  39.208  87.721
 30.279  42.208  86.721
 25.279  38.208  89.721
 32.279  39.208  87.721
 32.279  38.208  85.721
 32.279  37.208  84.721
 31.279  36.208  83.721
 31.279  43.208  86.721
 33.279  40.208  86.721
 33.279  39.208  88.721
 33.279  37.208  86.721
 30.279  35.208  83.721
 33.279  40.208  89.721
 34.279  37.208  86.721
 32.279  34.208  82.721
 32.279  33.208  84.721
 28.279  36.208  86.721
 30.279  34.208  85.721
 25.279  39.208  92.721
 29.279  35.208  84.721
 25.279  33.208  84.721
 31.279  36.208  88.721
 35.279  41.208  90.721
 26.279  35.208  88.721
 30.279  36.208  86.721
 25.279  37.208  92.721
 27.279  36.208  88.721
 28.279  37.208  89.721
 32.279  31.208  84.721
 31.279  39.208  90.721
 27.279  36.208  89.721
 31.279  32.208  83.721
 26.279  31.208  55.721
 26.279  31.208  54.721
 27.279  31.208  54.721
 26.279  32.208  54.721
 25.279  32.208  53.721
 25.279  33.208  54.721
 27.279  33.208  53.721
 25.279  34.208  54.721
 26.279  35.208  55.721
 26.279  37.208  54.721
 28.279  36.208  55.721
 27.279  36.208  57.721
 29.279  36.208  57.721
 30.279  36.208  56.721
 31.279  36.208  54.721
 32.279  37.208  53.721
 31.279  37.208  52.721
 31.279  39.208  55.721
 29.279  39.208  54.721
 31.279  37.208  51.721
 31.279  36.208  51.721
 31.279  35.208  51.721
 31.279  38.208  50.721
 31.279  39.208  50.721
 30.279  38.208  49.721
 30.279  34.208  49.721
 31.279  35.208  48.721
 30.279  32.208  51.721
 28.279  33.208  58.721
 29.279  28.208  56.721
 31.279  34.208  53.721
 34.279  34.208  48.721
 31.279  31.208  51.721
 33.279  34.208  47.721
 32.279  34.208  53.721
 29.279  29.208  58.721
 33.279  35.208  46.721
 34.279  35.208  53.721
 30.279  34.208  59.721
 33.279  35.208  51.721
 31.279  32.208  52.721
 29.279  35.208  53.721
 28.279  35.208  60.721
 38.279  49.208  61.721
 38.279  49.208  60.721
 39.279  49.208  62.721
 38.279  50.208  60.721
 38.279  48.208  59.721
 40.279  49.208  61.721
 40.279  50.208  63.721
 39.279  51.208  63.721
 38.279  51.208  64.721
 41.279  49.208  60.721
 39.279  52.208  63.721
 41.279  51.208  65.721
 40.279  50.208  66.721
 38.279  54.208  62.721
 41.279  50.208  67.721
 42.279  51.208  67.721
 39.279  55.208  61.721
 38.279  55.208  60.721
 42.279  52.208  68.721
 39.279  56.208  60.721
 39.279  55.208  59.721
 38.279  57.208  65.721
 40.279  57.208  58.721
 38.279  58.208  65.721
 39.279  58.208  67.721
 41.279  57.208  68.721
 41.279  52.208  60.721
 40.279  60.208  66.721
 39.279  61.208  66.721
 43.279  53.208  67.721
 41.279  50.208  59.721
 40.279  58.208  61.721
 41.279  56.208  60.721
 42.279  54.208  68.721
 43.279  48.208  69.721
 41.279  59.208  68.721
 41.279  56.208  62.721
 43.279  53.208  69.721
 41.279  57.208  65.721
 41.279  53.208  66.721
 43.279  48.208  67.721
 41.279  54.208  57.721
 42.279  50.208  63.721
 41.279  53.208  61.721
 41.279  52.208  61.721
 41.279  58.208  58.721
 43.279  47.208  60.721
 -9.721  25.208  77.721
 -7.721  23.208  76.721
 -8.721  26.208  76.721
 -8.721  22.208  75.721
 -7.721  22.208  74.721
 -6.721  22.208  76.721
 -7.721  27.208  76.721
 -7.721  21.208  75.721
 -6.721  21.208  75.721
 -5.721  22.208  76.721
 -5.721  21.208  77.721
 -7.721  20.208  77.721
 -6.721  20.208  74.721
 -4.721  23.208  75.721
 -7.721  19.208  77.721
 -6.721  19.208  78.721
 -3.721  22.208  76.721
 -6.721  18.208  77.721
 -5.721  18.208  78.721
 -4.721  18.208  78.721
 -2.721  22.208  77.721
 -6.721  17.208  79.721
 -4.721  17.208  80.721
 -5.721  18.208  81.721
 -5.721  17.208  82.721
 -3.721  18.208  82.721
-10.721  28.208  76.721
 -4.721  18.208  85.721
 -3.721  20.208  84.721
 -9.721  15.208  80.721
 -1.721  19.208  83.721
 -9.721  17.208  78.721
 -5.721  20.208  84.721
 -7.721  29.208  76.721
 -9.721  19.208  80.721
 -8.721  18.208  82.721
 -3.721  19.208  85.721
 -9.721  17.208  80.721
-10.721  18.208  76.721
-10.721  23.208  76.721
 12.279  28.208  56.721
 13.279  28.208  56.721
 11.279  30.208  56.721
 12.279  29.208  57.721
 13.279  29.208  57.721
 13.279  26.208  55.721
 14.279  26.208  55.721
 13.279  29.208  58.721
 14.279  30.208  58.721
 15.279  30.208  57.721
 13.279  29.208  59.721
 16.279  25.208  57.721
 16.279  24.208  57.721
 17.279  27.208  57.721
 17.279  24.208  56.721
 17.279  25.208  58.721
 16.279  24.208  59.721
 17.279  23.208  58.721
 18.279  24.208  57.721
 18.279  25.208  53.721
 17.279  22.208  59.721
 20.279  25.208  57.721
 21.279  23.208  57.721
 21.279  22.208  57.721
 22.279  22.208  58.721
 22.279  21.208  58.721
 21.279  20.208  58.721
 22.279  19.208  58.721
 16.279  23.208  61.721
 17.279  20.208  58.721
 16.279  20.208  58.721
 25.279  21.208  58.721
 18.279  21.208  60.721
 19.279  20.208  58.721
  9.279  14.208  49.721
 11.279  13.208  49.721
 10.279  14.208  48.721
 12.279  13.208  48.721
 11.279  11.208  53.721
 11.279  15.208  47.721
 11.279  16.208  47.721
 13.279  16.208  47.721
 12.279  15.208  46.721
 12.279  16.208  46.721
 11.279  17.208  46.721
 13.279  17.208  46.721
 11.279  17.208  45.721
 13.279  17.208  45.721
 11.279  18.208  45.721
 13.279  17.208  44.721
 14.279  18.208  44.721
 14.279  19.208  44.721
 16.279  18.208  45.721
 14.279  20.208  43.721
 17.279  17.208  45.721
 16.279  21.208  42.721
 18.279  16.208  44.721
 13.279   9.208  53.721
 14.279  10.208  53.721
 15.279  15.208  45.721
 16.279  19.208  41.721
 10.279  15.208  43.721
 18.279  14.208  44.721
 17.279  15.208  43.721
 18.279  19.208  42.721
 15.279  18.208  41.721
 17.279  20.208  41.721
 10.279   9.208  54.721
 12.279  15.208  43.721
 11.279  11.208  49.721
 14.279  10.208  54.721
 13.279  17.208  42.721
 15.279  19.208  40.721
 13.279  10.208  55.721
 18.279  20.208  42.721
 18.279  38.208  61.721
 19.279  38.208  60.721
 19.279  38.208  61.721
 19.279  39.208  61.721
 20.279  38.208  60.721
 20.279  38.208  61.721
 20.279  39.208  60.721
 20.279  39.208  61.721
 20.279  38.208  62.721
 19.279  40.208  60.721
 21.279  37.208  60.721
 21.279  37.208  61.721
 21.279  38.208  61.721
 21.279  39.208  61.721
 21.279  38.208  62.721
 21.279  40.208  61.721
 20.279  34.208  63.721
 22.279  39.208  61.721
 22.279  39.208  62.721
 22.279  36.208  63.721
 23.279  40.208  60.721
 23.279  41.208  59.721
 24.279  37.208  63.721
 25.279  37.208  62.721
 25.279  35.208  62.721
 26.279  36.208  61.721
 26.279  34.208  64.721
 27.279  36.208  60.721
 26.279  36.208  65.721
 20.279  42.208  61.721
 27.279  33.208  63.721
 25.279  39.208  63.721
 25.279  32.208  62.721
 29.279  34.208  61.721
 26.279  32.208  60.721
 22.279  43.208  60.721
 18.279  42.208  63.721
 18.279  41.208  64.721
 27.279  33.208  64.721
 26.279  35.208  65.721
 18.279  42.208  64.721
 -0.721  18.208  48.721
  1.279  16.208  50.721
  1.279  15.208  50.721
  2.279  16.208  51.721
  2.279  15.208  50.721
  1.279  19.208  52.721
  3.279  16.208  51.721
  3.279  14.208  51.721
  4.279  17.208  49.721
  4.279  14.208  52.721
  4.279  13.208  51.721
  5.279  15.208  50.721
  5.279  14.208  51.721
  5.279  13.208  52.721
  4.279  13.208  54.721
  6.279  14.208  50.721
  6.279  14.208  52.721
  7.279  14.208  51.721
  8.279  13.208  49.721
 -1.721  15.208  49.721
 -3.721  17.208  49.721
  3.279  10.208  53.721
 -1.721  15.208  48.721
  9.279  13.208  51.721
  9.279  12.208  51.721
  4.279  10.208  53.721
 -0.721  18.208  46.721
 10.279  14.208  51.721
  4.279  12.208  50.721
 -0.721  17.208  47.721
  4.279  11.208  51.721
  1.279  16.208  47.721
 11.279  11.208  80.721
 11.279  11.208  81.721
 12.279  10.208  80.721
 12.279  11.208  80.721
 12.279  10.208  79.721
 12.279  11.208  81.721
 12.279  11.208  79.721
 11.279  12.208  81.721
 11.279  11.208  82.721
 12.279  12.208  80.721
 12.279  12.208  79.721
 11.279  11.208  78.721
 12.279  11.208  78.721
 12.279  12.208  78.721
 13.279  11.208  80.721
 13.279  10.208  79.721
 13.279  11.208  79.721
 13.279  12.208  79.721
 13.279  11.208  78.721
 13.279  12.208  78.721
 12.279  13.208  80.721
 11.279  11.208  83.721
 12.279  12.208  77.721
 11.279  13.208  77.721
 13.279  13.208  77.721
 14.279   9.208  79.721
 11.279  14.208  81.721
 12.279  11.208  84.721
 13.279  12.208  76.721
 13.279  13.208  76.721
 15.279   9.208  80.721
 13.279  11.208  85.721
 14.279  13.208  75.721
 12.279  14.208  74.721
 12.279   7.208  83.721
 12.279   7.208  82.721
 12.279   7.208  81.721
 12.279   7.208  80.721
 16.279   7.208  80.721
 14.279   7.208  78.721
 14.279   7.208  81.721
  7.279  20.208  57.721
  8.279  19.208  58.721
  7.279  22.208  57.721
  8.279  20.208  56.721
  9.279  20.208  58.721
  9.279  21.208  57.721
  9.279  22.208  57.721
  9.279  18.208  57.721
  9.279  19.208  56.721
  9.279  22.208  60.721
  8.279  20.208  55.721
  9.279  21.208  55.721
 10.279  20.208  58.721
 10.279  19.208  57.721
 10.279  19.208  56.721
 10.279  17.208  57.721
 10.279  19.208  55.721
 10.279  16.208  59.721
  9.279  21.208  54.721
 10.279  22.208  54.721
 11.279  20.208  60.721
 11.279  19.208  54.721
 12.279  21.208  60.721
 13.279  18.208  60.721
  9.279  14.208  59.721
 13.279  19.208  61.721
 10.279  14.208  59.721
 12.279  19.208  58.721
 13.279  35.208  87.721
 14.279  35.208  87.721
 14.279  37.208  86.721
 15.279  34.208  86.721
 15.279  34.208  88.721
 15.279  32.208  88.721
 16.279  33.208  86.721
 16.279  31.208  87.721
 17.279  34.208  89.721
 16.279  30.208  87.721
 18.279  35.208  89.721
 18.279  32.208  88.721
 19.279  34.208  89.721
 15.279  28.208  89.721
 14.279  29.208  91.721
 13.279  35.208  89.721
 14.279  31.208  91.721
 16.279  27.208  91.721
 17.279  33.208  92.721
 13.279  28.208  89.721
 12.279  31.208  89.721
 15.279  32.208  91.721
 11.279  36.208  88.721
 18.279  29.208  91.721
 15.279  39.208  84.721
 16.279  36.208  90.721
 14.279  27.208  91.721
 13.279  34.208  89.721
 11.279  37.208  84.721
 12.279  38.208  84.721
 31.279  19.208  74.721
 31.279  18.208  72.721
 31.279  21.208  74.721
 32.279  19.208  73.721
 32.279  18.208  74.721
 32.279  18.208  73.721
 30.279  21.208  75.721
 32.279  17.208  73.721
 30.279  22.208  75.721
 33.279  18.208  73.721
 33.279  17.208  74.721
 33.279  17.208  72.721
 32.279  16.208  74.721
 33.279  16.208  73.721
 30.279  21.208  77.721
 33.279  15.208  74.721
 33.279  14.208  73.721
 35.279  13.208  73.721
 32.279  23.208  74.721
 35.279  12.208  72.721
 35.279  18.208  75.721
 36.279  14.208  75.721
 33.279  21.208  78.721
 34.279  19.208  76.721
 31.279  24.208  76.721
 32.279  23.208  70.721
 35.279  15.208  71.721
 33.279  21.208  75.721
 34.279  19.208  73.721
 37.279  13.208  73.721
 33.279  22.208  77.721
 36.279  17.208  74.721
  9.279  33.208  41.721
 10.279  33.208  40.721
 10.279  33.208  41.721
 10.279  33.208  42.721
 11.279  32.208  40.721
 11.279  31.208  40.721
 11.279  32.208  39.721
 11.279  33.208  39.721
 11.279  30.208  39.721
 12.279  32.208  40.721
 12.279  32.208  39.721
 12.279  31.208  39.721
 12.279  31.208  38.721
 12.279  33.208  43.721
 13.279  30.208  41.721
 13.279  31.208  38.721
 13.279  31.208  37.721
 14.279  30.208  39.721
 13.279  28.208  37.721
 13.279  29.208  36.721
 15.279  28.208  36.721
 14.279  28.208  35.721
  9.279  32.208  38.721
 12.279  36.208  39.721
 11.279  34.208  37.721
  8.279  34.208  39.721
 13.279  25.208  36.721
 11.279  26.208  35.721
 11.279  32.208  37.721
 15.279  32.208  35.721
 12.279  34.208  37.721
 13.279  31.208  34.721
  8.279  31.208  38.721
 13.279  29.208  34.721
 14.279  35.208  59.721
 15.279  36.208  58.721
 15.279  37.208  57.721
 15.279  38.208  57.721
 15.279  39.208  56.721
 16.279  38.208  54.721
 16.279  40.208  57.721
 15.279  37.208  53.721
 16.279  40.208  53.721
 14.279  41.208  54.721
 17.279  37.208  52.721
 16.279  42.208  55.721
 16.279  42.208  52.721
 16.279  43.208  56.721
 13.279  43.208  56.721
 15.279  43.208  52.721
 16.279  38.208  58.721
 13.279  44.208  55.721
 13.279  44.208  54.721
 16.279  45.208  55.721
 14.279  43.208  52.721
 14.279  44.208  54.721
 20.279  38.208  72.721
 21.279  38.208  71.721
 21.279  37.208  72.721
 20.279  37.208  73.721
 21.279  37.208  73.721
 21.279  36.208  73.721
 22.279  36.208  73.721
 21.279  38.208  74.721
 21.279  36.208  74.721
 21.279  35.208  73.721
 22.279  35.208  74.721
 23.279  41.208  69.721
 20.279  35.208  75.721
 23.279  42.208  70.721
 22.279  34.208  74.721
 23.279  34.208  75.721
 21.279  34.208  76.721
 21.279  39.208  77.721
 21.279  43.208  70.721
 19.279  41.208  68.721
 18.279  40.208  75.721
 21.279  43.208  69.721
 18.279  40.208  73.721
 18.279  40.208  70.721
 17.279  39.208  72.721
 17.279  39.208  83.721
 19.279  39.208  81.721
 19.279  40.208  82.721
 20.279  37.208  83.721
 20.279  40.208  79.721
 20.279  42.208  80.721
 20.279  41.208  78.721
 20.279  43.208  81.721
 22.279  42.208  79.721
 19.279  39.208  77.721
 20.279  44.208  82.721
 20.279  44.208  83.721
 20.279  45.208  82.721
 19.279  42.208  84.721
 15.279  40.208  84.721
 17.279  46.208  82.721
 18.279  46.208  83.721
 19.279  45.208  85.721
 18.279  42.208  80.721
 18.279  41.208  76.721
 17.279  43.208  83.721
 20.279  44.208  86.721
 19.279  42.208  77.721
 18.279  46.208  80.721
 21.279  38.208  79.721
 15.279  42.208  49.721
 17.279  43.208  48.721
 17.279  43.208  49.721
 17.279  44.208  49.721
 17.279  44.208  50.721
 18.279  42.208  49.721
 18.279  44.208  48.721
 18.279  43.208  50.721
 18.279  45.208  49.721
 17.279  43.208  51.721
 19.279  44.208  47.721
 17.279  39.208  49.721
 18.279  46.208  49.721
 18.279  46.208  46.721
 18.279  47.208  49.721
 18.279  47.208  50.721
 17.279  48.208  49.721
 20.279  48.208  48.721
 14.279  44.208  47.721
 13.279  42.208  47.721
 16.279  47.208  52.721
 16.279  41.208  53.721
 16.279  49.208  51.721
 14.279  42.208  46.721
 15.279  49.208  48.721
 16.279  43.208  52.721
  2.279  23.208  69.721
  3.279  22.208  68.721
  1.279  25.208  68.721
  2.279  22.208  66.721
  4.279  24.208  67.721
  1.279  26.208  68.721
  3.279  20.208  66.721
  3.279  20.208  65.721
  5.279  23.208  67.721
  5.279  21.208  67.721
  2.279  27.208  67.721
  3.279  20.208  64.721
  6.279  25.208  67.721
  6.279  20.208  65.721
  7.279  20.208  65.721
 -0.721  35.208  69.721
  1.279  35.208  67.721
  1.279  36.208  68.721
  2.279  36.208  68.721
 -0.721  37.208  66.721
  3.279  36.208  68.721
  2.279  38.208  70.721
  4.279  37.208  68.721
 -1.721  34.208  67.721
  3.279  41.208  72.721
 -1.721  37.208  67.721
 -1.721  35.208  71.721
 -1.721  33.208  71.721
  3.279  40.208  73.721
  3.279  39.208  74.721
 -2.721  35.208  70.721
 -0.721  36.208  64.721
